IGD: 0.2908962873128966
GD: 0.029172838973830353
HV: 0.12320728576020387
Time cost: 108.11540651321411
